Script started on Wed 23 Oct 2019 05:36:48 PM PDT
[?1034hbash-4.2$ ./a.out
1 6.80375	2 -2.11234	3 5.66198	4 5.9688	5 8.23295	
6 -6.04897	7 -3.29554	8 5.36459	9 -4.44451	10 1.0794	
11 -0.452059	12 2.57742	13 -2.70431	14 0.268018	15 9.04459	
16 8.3239	17 2.71423	18 4.34594	19 -7.16795	20 2.13938	
21 -9.67399	22 -5.14226	23 -7.25537	24 6.08354	25 -6.86642	
26 -1.98111	27 -7.40419	28 -7.82382	29 9.97849	30 -5.63486	
31 0.258648	32 6.78224	33 2.2528	34 -4.07937	35 2.75105	
36 0.485744	37 -0.12834	38 9.4555	39 -4.14966	40 5.42715	
41 0.5349	42 5.39828	43 -1.99543	44 7.83059	45 -4.33371	
46 -2.95083	47 6.15449	48 8.38053	49 -8.60489	50 8.98654	
51 0.519907	52 -8.27888	53 -6.15572	54 3.26454	55 7.80465	
56 -3.02214	57 -8.71657	58 -9.59954	59 -0.845965	60 -8.73808	
61 -5.2344	62 9.41268	63 8.04416	64 7.0184	65 -4.66669	
66 0.795207	67 -2.49586	68 5.20497	69 0.250707	70 3.35448	
71 0.632129	72 -9.21439	73 -1.24725	74 8.6367	75 8.6162	
76 4.41905	77 -4.31413	78 4.77069	79 2.79958	80 -2.91903	
81 3.75723	82 -6.68052	83 -1.19791	84 7.6015	85 6.58402	
86 -3.39326	87 -5.42064	88 7.86745	89 -2.9928	90 3.7334	
91 9.12937	92 1.7728	93 3.14608	94 7.17353	95 -1.2088	
96 8.4794	97 -2.03127	98 6.29534	99 3.68437	100 8.21944	
Average of the array values: 0.936496
Minimum of the array values: -9.67399
Maximum of the array values: 9.97849
Number of values lower than the average number of the array values: 51
Number of values bigger than the average number of the array values: 49
Number of values below the threshold: 68
The range of values in the array: 19.6525
The standard deviation of values in the array: 5.67784
1 10.5038	2 1.58766	3 9.36198	4 9.6688	5 11.9329	
6 -2.34897	7 0.404455	8 9.06459	9 -0.744506	10 4.7794	
11 3.24794	12 6.27742	13 0.995689	14 3.96802	15 12.7446	
16 12.0239	17 6.41423	18 8.04594	19 -3.46795	20 5.83938	
21 -5.97399	22 -1.44226	23 -3.55537	24 9.78354	25 -3.16642	
26 1.71889	27 -3.70419	28 -4.12382	29 13.6785	30 -1.93486	
31 3.95865	32 10.4822	33 5.9528	34 -0.379368	35 6.45105	
36 4.18574	37 3.57166	38 13.1555	39 -0.449664	40 9.12715	
41 4.2349	42 9.09828	43 1.70457	44 11.5306	45 -0.633705	
46 0.749167	47 9.85449	48 12.0805	49 -4.90489	50 12.6865	
51 4.21991	52 -4.57888	53 -2.45572	54 6.96454	55 11.5047	
56 0.677859	57 -5.01657	58 -5.89954	59 2.85403	60 -5.03808	
61 -1.5344	62 13.1127	63 11.7442	64 10.7184	65 -0.966685	
66 4.49521	67 1.20414	68 8.90497	69 3.95071	70 7.05448	
71 4.33213	72 -5.51439	73 2.45275	74 12.3367	75 12.3162	
76 8.11905	77 -0.614132	78 8.47069	79 6.49958	80 0.780974	
81 7.45723	82 -2.98052	83 2.50209	84 11.3015	85 10.284	
86 0.306743	87 -1.72064	88 11.5674	89 0.707204	90 7.4334	
91 12.8294	92 5.4728	93 6.84608	94 10.8735	95 2.4912	
96 12.1794	97 1.66873	98 9.99534	99 7.38437	100 11.9194	
Added 3.7 to the above array
Average of the array values: 4.6365
Minimum of the array values: -5.97399
Maximum of the array values: 13.6785
Number of values lower than the average number of the array values: 51
Number of values bigger than the average number of the array values: 49
Number of values below the threshold: 52
The range of values in the array: 19.6525
The standard deviation of values in the array: 5.67784
1 3.55253	2 4.35253	3 2.14924	4 2.23962	5 4.55702	
6 2.35681	7 3.07676	8 3.70414	9 3.14121	10 4.15682	
11 2.64199	12 4.07763	13 3.6589	14 4.32168	15 4.4374	
16 4.1713	17 3.33067	18 3.7505	19 4.49118	20 2.27959	
21 4.69049	22 4.62177	23 3.51367	24 2.71857	25 2.04575	
26 2.19499	27 2.94666	28 3.85044	29 2.75069	30 3.89401	
31 4.11752	32 4.30322	33 3.24653	34 4.26676	35 4.54283	
36 2.80355	37 4.62358	38 2.61959	39 4.50769	40 2.76479	
41 4.77641	42 2.14969	43 4.84241	44 3.43531	45 4.47137	
46 4.27981	47 2.60661	48 2.80204	49 3.03031	50 2.09778	
51 3.08162	52 2.7208	53 4.71956	54 4.59529	55 3.43937	
56 4.7653	57 4.79028	58 4.38603	59 3.61574	60 2.54097	
61 3.28004	62 2.73326	63 4.84418	64 4.52658	65 2.00002	
66 4.38701	67 2.33013	68 4.62359	69 2.0066	70 4.83783	
71 2.38838	72 4.78301	73 4.98752	74 2.23079	75 3.21832	
76 4.45888	77 4.51061	78 3.82493	79 2.26092	80 2.54091	
81 3.92271	82 3.34254	83 3.26171	84 3.64227	85 2.93784	
86 4.70108	87 3.40758	88 2.72812	89 4.08711	90 2.02331	
91 3.26909	92 2.36716	93 2.75657	94 3.11327	95 4.89374	
96 2.75659	97 2.50028	98 2.22387	99 2.38019	100 2.50689	
Average of the array values: 3.48213
Minimum of the array values: 2.00002
Maximum of the array values: 4.98752
Number of values lower than the average number of the array values: 52
Number of values bigger than the average number of the array values: 48
Number of values below the threshold: 37
The range of values in the array: 2.9875
The standard deviation of values in the array: 0.92658
1 5	2 5	3 5	4 5	5 5	
6 5	7 5	8 5	9 5	10 5	
11 5	12 5	13 5	14 5	15 5	
16 5	17 5	18 5	19 5	20 5	
21 5	22 5	23 5	24 5	25 5	
26 5	27 5	28 5	29 5	30 5	
31 5	32 5	33 5	34 5	35 5	
36 5	37 5	38 5	39 5	40 5	
41 5	42 5	43 5	44 5	45 5	
46 5	47 5	48 5	49 5	50 5	
51 5	52 5	53 5	54 5	55 5	
56 5	57 5	58 5	59 5	60 5	
61 5	62 5	63 5	64 5	65 5	
66 5	67 5	68 5	69 5	70 5	
71 5	72 5	73 5	74 5	75 5	
76 5	77 5	78 5	79 5	80 5	
81 5	82 5	83 5	84 5	85 5	
86 5	87 5	88 5	89 5	90 5	
91 5	92 5	93 5	94 5	95 5	
96 5	97 5	98 5	99 5	100 5	
Average of the array values: 5
Minimum of the array values: 5
Maximum of the array values: 5
Number of values lower than the average number of the array values: 0
Number of values bigger than the average number of the array values: 0
Number of values below the threshold: 0
The range of values in the array: 0
The standard deviation of values in the array: 0
1 -10.6136	2 -7.57534	3 -7.55179	4 -7.73011	5 -9.60928	
6 -9.219	7 -11.2862	8 -10.7304	9 -7.77711	10 -9.63801	
11 -9.78169	12 -7.85529	13 -9.62011	14 -10.6447	15 -11.1979	
16 -8.67911	17 -8.46225	18 -11.4047	19 -9.08446	20 -9.63789	
21 -7.90933	22 -8.47874	23 -11.209	24 -10.9902	25 -9.60737	
26 -11.4937	27 -11.4088	28 -10.2978	29 -10.476	30 -7.44052	
31 -7.55758	32 -8.98952	33 -7.91586	34 -8.00936	35 -9.61963	
36 -10.4251	37 -10.1284	38 -8.80584	39 -9.05559	40 -10.8055	
41 -11.3439	42 -11.7373	43 -11.5608	44 -8.86396	45 -10.282	
46 -10.6587	47 -10.4431	48 -11.6443	49 -9.96336	50 -7.42753	
51 -9.18215	52 -10.7727	53 -8.80627	54 -8.29111	55 -9.66287	
56 -11.3136	57 -7.68482	58 -8.97167	59 -9.51143	60 -11.0608	
61 -9.3122	62 -9.969	63 -7.9503	64 -10.1281	65 -10.8784	
66 -10.4699	67 -8.4532	68 -8.90673	69 -7.17578	70 -10.4088	
71 -7.6122	72 -11.4196	73 -10.0461	74 -12.073	75 -8.18359	
76 -8.22807	77 -10.6316	78 -11.5267	79 -7.77233	80 -8.49497	
81 -11.8542	82 -9.85447	83 -7.16766	84 -8.56045	85 -11.0456	
86 -9.73053	87 -7.77409	88 -11.6304	89 -11.6022	90 -10.1855	
91 -10.5912	92 -8.8144	93 -8.05452	94 -11.4415	95 -11.8425	
96 -11.8329	97 -9.81142	98 -8.19566	99 -8.63962	100 -9.8872	
Average of the array values: -9.66061
Minimum of the array values: -12.073
Maximum of the array values: -7.16766
Number of values lower than the average number of the array values: 51
Number of values bigger than the average number of the array values: 49
Number of values below the threshold: 45
The range of values in the array: 4.90529
The standard deviation of values in the array: 1.38083
bash-4.2$ ei[Kxit
exit

Script done on Wed 23 Oct 2019 05:36:58 PM PDT
